[[[-118815.67    -118697.61    -118548.95   ]
  [    791.34375     890.65625    1006.4844 ]
  [ -27751.797    -27604.352    -27456.781  ]
  [  82140.9       82213.016     82339.02   ]
  [  67456.07      67564.98      67553.92   ]
  [-314404.25    -314329.53    -314249.2    ]
  [-149774.31    -149687.64    -149589.53   ]
  [ -34194.43     -34058.273    -33977.812  ]
  [-139971.75    -139781.23    -139752.4    ]
  [-194331.72    -194311.39    -194215.86   ]
  [-134509.78    -134457.19    -134343.1    ]
  [-238028.6     -237909.03    -237863.08   ]
  [  74258.67      74329.66      74402.98   ]
  [ -94174.92     -94042.16     -94005.95   ]
  [ -20990.031    -20942.11     -20851.062  ]
  [-115613.2     -115586.86    -115638.984  ]]]
[[[-1.1894067e+05 -1.1889650e+05 -1.1892711e+05]
  [-7.6453125e+01 -5.0140625e+01 -7.7343750e+00]
  [-2.7600781e+04 -2.7527711e+04 -2.7521031e+04]
  [ 8.2089453e+04  8.2164125e+04  8.2178383e+04]
  [ 6.7378812e+04  6.7417672e+04  6.7406008e+04]
  [-3.1482350e+05 -3.1474388e+05 -3.1475588e+05]
  [-1.4977220e+05 -1.4970125e+05 -1.4973628e+05]
  [-3.4516180e+04 -3.4472938e+04 -3.4468984e+04]
  [-1.4020361e+05 -1.4016836e+05 -1.4014798e+05]
  [-1.9445072e+05 -1.9433822e+05 -1.9436245e+05]
  [-1.3441669e+05 -1.3430539e+05 -1.3426466e+05]
  [-2.3793141e+05 -2.3783695e+05 -2.3781558e+05]
  [ 7.4318750e+04  7.4398367e+04  7.4417609e+04]
  [-9.4458844e+04 -9.4380719e+04 -9.4339859e+04]
  [-2.1357344e+04 -2.1208203e+04 -2.1117922e+04]
  [-1.1636139e+05 -1.1623484e+05 -1.1619181e+05]]]
[[[-1.1864359e+05 -1.1869134e+05 -1.1862442e+05]
  [-9.4562500e+01 -1.4907812e+02 -5.8000000e+01]
  [-2.7451641e+04 -2.7502047e+04 -2.7506078e+04]
  [ 8.2223969e+04  8.2157547e+04  8.2198797e+04]
  [ 6.7424578e+04  6.7195453e+04  6.7275250e+04]
  [-3.1462678e+05 -3.1466412e+05 -3.1468112e+05]
  [-1.4973447e+05 -1.4975294e+05 -1.4974534e+05]
  [-3.4609180e+04 -3.4646961e+04 -3.4631797e+04]
  [-1.4003139e+05 -1.4019144e+05 -1.4012284e+05]
  [-1.9426356e+05 -1.9430156e+05 -1.9427311e+05]
  [-1.3428588e+05 -1.3433531e+05 -1.3429283e+05]
  [-2.3802019e+05 -2.3804153e+05 -2.3797050e+05]
  [ 7.4430125e+04  7.4344570e+04  7.4346320e+04]
  [-9.4339391e+04 -9.4274688e+04 -9.4220875e+04]
  [-2.1049141e+04 -2.1077219e+04 -2.0999859e+04]
  [-1.1644041e+05 -1.1646459e+05 -1.1642925e+05]]]
[[[-1.18197562e+05 -1.18175969e+05 -1.18065250e+05]
  [-9.55312500e+01 -5.76718750e+01  4.49218750e+01]
  [-2.69008516e+04 -2.68854766e+04 -2.67807422e+04]
  [ 8.26373594e+04  8.26949844e+04  8.28512891e+04]
  [ 6.77520938e+04  6.78393594e+04  6.80113516e+04]
  [-3.14362500e+05 -3.14373062e+05 -3.14209812e+05]
  [-1.49425859e+05 -1.49358516e+05 -1.49177281e+05]
  [-3.46248359e+04 -3.45802422e+04 -3.44030859e+04]
  [-1.39651906e+05 -1.39666453e+05 -1.39518562e+05]
  [-1.94161781e+05 -1.94167953e+05 -1.94008375e+05]
  [-1.33456312e+05 -1.33402297e+05 -1.33250312e+05]
  [-2.37582734e+05 -2.37515422e+05 -2.37370922e+05]
  [ 7.48081250e+04  7.48210000e+04  7.50186406e+04]
  [-9.37220000e+04 -9.37111719e+04 -9.35367812e+04]
  [-2.07318125e+04 -2.06616250e+04 -2.04305781e+04]
  [-1.16431719e+05 -1.16333516e+05 -1.16172656e+05]]]